1752184536.689566,0
1752184536.839678,9
1752184537.044938,24
1752184537.181274,38
1752184537.307449,44
1752184537.452516,53
1752184537.583890,59
1752184537.733489,67
1752184537.874655,79
1752184538.015809,88
1752184538.147082,98
1752184538.288911,100
1752184538.421514,100
1752184538.554451,100
1752184538.680225,100
1752184538.816082,100
1752184538.945770,100
1752184539.074008,100
1752184539.199781,100
1752184539.332898,100
1752184539.461368,100
1752184539.590055,100
1752184539.719694,100
1752184539.850008,100
1752184539.980943,100
1752184540.109086,100
1752184540.239005,100
1752184540.384462,99
1752184540.512215,99
1752184540.642305,99
1752184540.772928,99
1752184540.913861,100
1752184541.046418,100
1752184541.189154,100
1752184541.322652,100
1752184541.458310,99
1752184541.595125,100
1752184541.726240,99
1752184541.861334,99
1752184542.034993,100
1752184542.165785,100
1752184542.301447,100
1752184542.434419,100
1752184542.573961,99
1752184542.704772,100
1752184542.849370,99
1752184542.986310,99
1752184543.126984,100
1752184543.262438,100
1752184543.405333,100
1752184543.527873,100
1752184543.659893,99
1752184543.786283,100
1752184543.917001,99
1752184544.047918,98
1752184544.188732,90
1752184544.328539,82
1752184544.462361,82
1752184544.595829,85
1752184544.723861,84
1752184544.861403,86
1752184545.001478,88
1752184545.136814,87
1752184545.270919,88
1752184545.404347,90
1752184545.532720,89
1752184545.665744,89
1752184545.806648,90
1752184545.949234,89
1752184546.080390,88
1752184546.210720,89
1752184546.341230,90
1752184546.473558,89
1752184546.610012,88
1752184546.745975,89
1752184546.881932,87
1752184547.012457,88
1752184547.141489,88
1752184547.274616,88
1752184547.418655,88
1752184547.543930,87
1752184547.670111,89
1752184547.794244,89
1752184547.927738,89
1752184548.062496,89
1752184548.193828,89
1752184548.330973,88
1752184548.462141,89
1752184548.608652,89
1752184548.745845,89
1752184548.876320,88
1752184549.008498,89
1752184549.133919,88
1752184549.264915,90
1752184549.391986,90
1752184549.523172,90
1752184549.652908,90
1752184549.785096,89
1752184549.920410,90
1752184550.053231,91
1752184550.194898,92
1752184550.333951,91
1752184550.477559,91
1752184550.637737,92
1752184550.775800,92
1752184550.920178,92
1752184551.053643,90
1752184551.190513,92
1752184551.312782,91
1752184551.508643,88
1752184551.646630,89
1752184551.787726,88
1752184551.923719,89
1752184552.059579,89
1752184552.193556,88
1752184552.322207,89
1752184552.466667,88
1752184552.604652,88
1752184552.747975,88
1752184552.882119,89
1752184553.011692,88
1752184553.137886,89
1752184553.263561,89
1752184553.436831,88
1752184553.570257,88
1752184553.701878,88
1752184553.838248,88
1752184553.976722,89
1752184554.108284,89
1752184554.249244,89
1752184554.382011,89
1752184554.512794,89
1752184554.646920,89
1752184554.781673,88
1752184554.916383,87
1752184555.060308,89
1752184555.189679,89
1752184555.329914,88
1752184555.467352,87
1752184555.596582,84
1752184555.798680,82
1752184555.931681,82
1752184556.060630,81
1752184556.197475,81
1752184556.329520,82
1752184556.488450,82
1752184556.629828,82
1752184556.762550,83
1752184556.889417,82
1752184557.025869,82
1752184557.157420,83
1752184557.297302,81
1752184557.425901,87
1752184557.544512,87
1752184557.676048,88
1752184557.800368,88
1752184557.937256,87
1752184558.065374,88
1752184558.192167,88
1752184558.317670,88
1752184558.448790,88
1752184558.580275,90
1752184558.709257,89
1752184558.849461,89
1752184559.011396,89
1752184559.133263,89
1752184559.261208,88
1752184559.389730,90
1752184559.524747,89
1752184559.652012,90
1752184559.786161,90
1752184559.916916,91
1752184560.045986,89
1752184560.175845,90
1752184560.305916,92
1752184560.437167,90
1752184560.572789,91
1752184560.709023,89
1752184560.842548,90
1752184560.985438,89
1752184561.117897,88
1752184561.241737,90
1752184561.370407,89
1752184561.503412,89
1752184561.639893,90
1752184561.770890,90
1752184561.912135,88
1752184562.038256,89
1752184562.172900,90
1752184562.300656,91
1752184562.431762,90
1752184562.564512,91
1752184562.690478,91
1752184562.829021,90
1752184562.960281,89
1752184563.084586,90
1752184563.212286,90
1752184563.339922,90
1752184563.473550,89
1752184563.601608,90
1752184563.731659,90
1752184563.858629,90
1752184563.998510,89
1752184564.131905,89
1752184564.271823,90
1752184564.404616,89
1752184564.541392,90
1752184564.672421,90
1752184564.811963,90
1752184564.937642,88
1752184565.077323,90
1752184565.213515,89
1752184565.364868,88
1752184565.492185,90
1752184565.623651,89
1752184565.756347,89
1752184565.884223,92
1752184566.014326,91
1752184566.146231,91
1752184566.276014,86
1752184566.410535,84
1752184566.540453,84
1752184566.666876,84
1752184566.794240,85
1752184566.933406,84
1752184567.064817,84
1752184567.242247,82
1752184567.365620,82
1752184567.499666,87
1752184567.625561,88
1752184567.757434,89
1752184567.898669,89
1752184568.072363,89
1752184568.200393,89
1752184568.330793,88
1752184568.454915,90
1752184568.593224,91
1752184568.716556,91
1752184568.852541,90
1752184568.980901,91
1752184569.106919,91
1752184569.232547,90
1752184569.363461,91
1752184569.507932,90
1752184569.644327,90
1752184569.777619,91
1752184569.916460,90
1752184570.047609,91
1752184570.186081,91
1752184570.324075,90
1752184570.455588,92
1752184570.591818,92
1752184570.723870,93
1752184570.852237,92
1752184570.989791,92
1752184571.134192,92
1752184571.277601,91
1752184571.416308,92
1752184571.542284,92
1752184571.669088,93
1752184571.805186,93
1752184571.937403,92
1752184572.068999,94
1752184572.198222,93
1752184572.332302,93
1752184572.458739,94
1752184572.590199,94
1752184572.724285,94
1752184572.856452,94
1752184572.985974,95
1752184573.124343,95
1752184573.257805,94
1752184573.390181,95
1752184573.521520,94
1752184573.668451,94
1752184573.798636,95
1752184573.934789,95
1752184574.070984,95
1752184574.209108,96
1752184574.342407,96
1752184574.496252,96
1752184574.621759,96
1752184574.757221,95
1752184574.884368,95
1752184575.014249,95
1752184575.144263,96
1752184575.280124,96
1752184575.409774,94
1752184575.540079,95
1752184575.665247,96
1752184575.800435,95
1752184575.932870,93
1752184576.062072,95
1752184576.203462,96
1752184576.348215,96
1752184576.485042,96
1752184576.615555,96
1752184576.742607,96
1752184576.863931,96
1752184576.990432,91
1752184577.112560,89
1752184577.238105,89
1752184577.365583,89
1752184577.509385,89
1752184577.639627,89
1752184577.770475,89
1752184577.904243,88
1752184578.031337,89
1752184578.158129,87
1752184578.284879,87
1752184578.422552,87
1752184578.551788,88
1752184578.675627,87
1752184578.801534,88
1752184578.932082,86
1752184579.067464,88
1752184579.198977,88
1752184579.330261,88
1752184579.457536,88
1752184579.591763,88
1752184579.726674,88
1752184579.859571,87
1752184579.995578,88
1752184580.127172,88
1752184580.256318,88
1752184580.392799,89
1752184580.521707,88
1752184580.650676,88
1752184580.781675,89
1752184580.909359,89
1752184581.047961,89
1752184581.181877,88
1752184581.317034,88
1752184581.446314,89
1752184581.611896,89
1752184581.737688,89
1752184581.876779,89
1752184582.007699,89
1752184582.140178,88
1752184582.267346,90
1752184582.397514,90
1752184582.523894,90
1752184582.666082,91
1752184582.797805,90
1752184582.927478,90
1752184583.052559,90
1752184583.189491,92
1752184583.323856,97
1752184583.459785,97
1752184583.592842,98
1752184583.728503,97
1752184583.863552,97
1752184584.029920,96
1752184584.160583,97
1752184584.288416,96
1752184584.428465,97
1752184584.583421,97
1752184584.730691,98
1752184584.870249,94
1752184585.013035,89
1752184585.151276,88
1752184585.274013,85
1752184585.417891,85
1752184585.568535,85
1752184585.703842,84
1752184585.825105,85
1752184585.963184,85
1752184586.100250,84
1752184586.227791,84
1752184586.361344,85
1752184586.489675,86
1752184586.664456,85
1752184586.802221,86
1752184586.938198,87
1752184587.066575,87
1752184587.195954,88
1752184587.368118,86
1752184587.509526,88
1752184587.633941,88
1752184587.792994,87
1752184587.924608,87
1752184588.055654,88
1752184588.189730,87
1752184588.318075,87
1752184588.444312,88
1752184588.570391,88
1752184588.700315,87
1752184588.836014,87
1752184589.070399,88
1752184589.195439,89
1752184589.326243,90
1752184589.464386,89
1752184589.747631,90
1752184589.882413,90
1752184590.015776,90
1752184590.144465,90
1752184590.262444,90
1752184590.387831,89
1752184590.534086,90
1752184590.742397,90
1752184590.868219,89
1752184590.993810,90
1752184591.131039,91
1752184591.269217,90
1752184591.400925,90
1752184591.535822,89
1752184591.681695,90
1752184591.821496,91
1752184591.967653,90
1752184592.097704,91
1752184592.241850,91
1752184592.366286,91
1752184592.503105,91
1752184592.632907,91
1752184592.767369,90
1752184592.915328,91
1752184593.065143,91
1752184593.197341,91
1752184593.323331,91
1752184593.460866,91
1752184593.582058,92
1752184593.701396,91
1752184593.829123,92
1752184593.982408,88
1752184594.129752,82
1752184594.269848,85
1752184594.411469,85
1752184594.543021,85
1752184594.674849,85
1752184594.811705,86
1752184594.946499,85
1752184595.120060,84
1752184595.250899,83
1752184595.399186,90
1752184595.546020,91
1752184595.673972,90
1752184595.806306,90
1752184595.941879,90
1752184596.079785,89
1752184596.213413,90
1752184596.351587,89
1752184596.479702,89
1752184596.606999,91
1752184596.762875,90
1752184596.900772,90
1752184597.063638,90
1752184597.192412,91
1752184597.336792,91
1752184597.469180,90
1752184597.619764,91
1752184597.745840,91
1752184597.869308,91
1752184597.993711,91
1752184598.129848,92
1752184598.265005,92
1752184598.400590,91
1752184598.525923,92
1752184598.666048,91
1752184598.806106,91
1752184598.942733,91
1752184599.101283,93
1752184599.246534,95
1752184599.381178,94
1752184599.517068,93
1752184599.658214,94
1752184599.792741,94
1752184599.930042,94
1752184600.065564,95
1752184600.196556,94
1752184600.326241,94
1752184600.464855,95
1752184600.594444,94
1752184600.724159,93
1752184600.856756,92
1752184600.990242,94
1752184601.140115,93
1752184601.277727,95
1752184601.429927,95
1752184601.572466,94
1752184601.712468,97
1752184601.842504,96
1752184601.964980,96
1752184602.097993,97
1752184602.228941,96
1752184602.377698,96
1752184602.514519,96
1752184602.652780,95
1752184602.801247,96
1752184602.952410,96
1752184603.075776,97
1752184603.220390,95
1752184603.356162,96
1752184603.489192,96
1752184603.616880,95
1752184603.742374,96
1752184603.870126,97
1752184604.000472,95
1752184604.123414,95
1752184604.259759,93
1752184604.383646,97
1752184604.510050,97
1752184604.640061,96
1752184604.772283,97
1752184604.907716,97
1752184605.028000,96
1752184605.150415,97
1752184605.268574,97
1752184605.390148,97
1752184605.519731,96
1752184605.654032,96
1752184605.792899,95
1752184605.916122,97
1752184606.050721,97
1752184606.198267,97
1752184606.333964,96
1752184606.466085,96
1752184606.594222,97
1752184606.717008,95
1752184606.845955,89
1752184606.977845,90
1752184607.105062,91
1752184607.226223,91
1752184607.346266,90
1752184607.469484,90
1752184607.593633,91
1752184607.721573,91
1752184607.863470,91
1752184608.006791,92
1752184608.151875,90
1752184608.313709,95
1752184608.446783,96
1752184608.570505,97
1752184608.698160,96
1752184608.822291,96
1752184608.951735,96
1752184609.087669,96
1752184609.218306,95
1752184609.358317,95
1752184609.504620,95
1752184609.631917,96
1752184609.760153,95
1752184609.894217,97
1752184610.025909,97
1752184610.162110,96
1752184610.286278,97
1752184610.425202,96
1752184610.546273,96
1752184610.673324,96
1752184610.799561,98
1752184610.921989,98
1752184611.079766,97
1752184611.218356,97
1752184611.347762,98
1752184611.481795,97
1752184611.610808,98
1752184611.733415,98
1752184611.863644,97
1752184611.999511,98
1752184612.129732,97
1752184612.260863,99
1752184612.384712,99
1752184612.556211,99
1752184612.688387,99
1752184612.817487,99
1752184612.948707,99
1752184613.072651,98
1752184613.195027,99
1752184613.316170,99
1752184613.437070,98
1752184613.577874,98
1752184613.710911,99
1752184613.838093,98
1752184613.976138,98
1752184614.112180,99
1752184614.256325,98
1752184614.377499,99
1752184614.509790,97
1752184614.645085,98
1752184614.770044,98
1752184614.917181,99
1752184615.071824,100
1752184615.225843,99
1752184615.362204,100
1752184615.517077,99
1752184615.649143,99
1752184615.775119,100
1752184615.903369,99
1752184616.026574,99
1752184616.150639,98
1752184616.274426,99
1752184616.404465,100
1752184616.540172,100
1752184616.674103,99
1752184616.796942,99
1752184616.928266,99
1752184617.056799,98
1752184617.177998,97
1752184617.299886,98
1752184617.422303,99
1752184617.541044,97
1752184617.668695,97
1752184617.797586,98
1752184617.928272,98
1752184618.061287,96
1752184618.199800,94
1752184618.328542,94
1752184618.501172,91
1752184618.637465,87
1752184618.763240,80
1752184618.926344,69
1752184619.064121,61
1752184619.219459,51
1752184619.352271,43
1752184619.480486,34
1752184619.625937,23
1752184619.762545,22
1752184619.883599,23
1752184620.032975,24
1752184620.168803,24
1752184620.298737,24
1752184620.427839,23
1752184620.559832,24
1752184620.701418,25
1752184620.823467,25
1752184620.987731,26
1752184621.133270,25
1752184621.292946,25
1752184621.430033,26
1752184621.561045,26
1752184621.688060,26
1752184621.824467,27
1752184621.977355,26
1752184622.112112,27
1752184622.249558,28
1752184622.389873,27
1752184622.514215,28
1752184622.644934,28
1752184622.772265,28
1752184622.900656,29
1752184623.212490,29
1752184623.341477,28
1752184623.495692,29
1752184623.617645,29
1752184623.739260,29
1752184623.862309,29
1752184623.996913,30
1752184624.146066,30
1752184624.295045,31
1752184624.429580,30
1752184624.554797,31
1752184624.684872,33
1752184624.822780,32
1752184624.951890,37
1752184625.074088,38
1752184625.205933,39
1752184625.339637,38
1752184625.468634,40
1752184625.611782,40
1752184625.735653,40
1752184625.856316,40
1752184625.981052,39
1752184626.108441,41
1752184626.233248,42
1752184626.365606,40
1752184626.503519,42
1752184626.623657,43
1752184626.745199,43
1752184626.882239,41
1752184627.002350,41
1752184627.134141,42
1752184627.265245,42
1752184627.394310,42
1752184627.517418,42
1752184627.693914,44
1752184627.836499,44
1752184627.977584,45
1752184628.110703,44
1752184628.257323,45
1752184628.384279,45
1752184628.512258,46
1752184628.654499,43
1752184628.787881,44
1752184628.910406,45
1752184629.055854,45
1752184629.196371,46
1752184629.336322,45
1752184629.482051,45
1752184629.624493,45
1752184629.753818,45
1752184629.890779,44
1752184630.010285,41
1752184630.164884,38
1752184630.293554,40
1752184630.433928,40
1752184630.568661,38
1752184630.689996,38
1752184630.829068,44
1752184630.967205,44
1752184631.099281,44
1752184631.226658,44
1752184631.349880,45
1752184631.485732,45
1752184631.622294,46
1752184631.764920,46
1752184631.919236,47
1752184632.050318,47
1752184632.185094,47
1752184632.322932,47
1752184632.453897,47
1752184632.582779,47
1752184632.710555,48
1752184632.841801,48
1752184632.979552,48
1752184633.138353,50
1752184633.278750,48
1752184633.410909,48
1752184633.554594,49
1752184633.703535,49
1752184633.839909,50
1752184633.972272,51
1752184634.100072,50
1752184634.242537,51
1752184634.389576,51
1752184634.529136,51
1752184634.665320,52
1752184634.795859,51
1752184634.928134,50
1752184635.062830,52
1752184635.201672,50
1752184635.334718,51
1752184635.467870,52
1752184635.592649,52
1752184635.717228,52
1752184635.842324,52
1752184635.976594,51
1752184636.110115,50
1752184636.235626,51
1752184636.632987,52
1752184636.765274,48
1752184636.914354,45
1752184637.056753,47
1752184637.198649,46
1752184637.350020,46
1752184637.484759,44
1752184637.638867,49
1752184637.776665,49
1752184637.920108,51
1752184638.057464,51
1752184638.191664,51
1752184638.333199,51
1752184638.459993,51
1752184638.594336,52
1752184638.733706,53
1752184638.872842,52
1752184638.997544,53
1752184639.127018,52
1752184639.263158,51
1752184639.403951,53
1752184639.550185,53
1752184639.681922,53
1752184639.813032,54
1752184639.945251,53
1752184640.072000,53
1752184640.196707,55
1752184640.334334,53
1752184640.478366,54
1752184640.609525,55
1752184640.738254,54
1752184640.877774,54
1752184641.004927,55
1752184641.132978,55
1752184641.266452,57
1752184641.408209,56
1752184641.559629,55
1752184641.690140,58
1752184641.826514,57
1752184641.971980,57
1752184642.113447,58
1752184642.245642,57
1752184642.389529,57
1752184642.566704,57
1752184642.701066,57
1752184642.834664,58
1752184642.982687,57
1752184643.122855,58
1752184643.260886,58
1752184643.392148,58
1752184643.532139,58
1752184643.672695,58
1752184643.802574,56
1752184643.928061,58
1752184644.065645,58
1752184644.203937,56
1752184644.332152,51
1752184644.457899,51
1752184644.586148,51
1752184644.712081,51
1752184644.844820,51
1752184644.978434,52
1752184645.114040,49
1752184645.389388,49
1752184645.560957,50
1752184645.729905,50
1752184645.878513,49
1752184646.012940,50
1752184646.144897,51
1752184646.277947,50
1752184646.412763,51
1752184646.565662,51
1752184646.694167,50
1752184646.826801,51
1752184646.957702,51
1752184647.116249,49
1752184647.243685,51
1752184647.368734,51
1752184647.497094,51
1752184647.632127,51
1752184647.764652,51
1752184647.901506,51
1752184648.026527,52
1752184648.159256,52
1752184648.287331,52
1752184648.443224,52
1752184648.588196,52
1752184648.720552,52
1752184648.853493,52
1752184648.982610,51
1752184649.275117,53
1752184649.436498,53
1752184649.656005,54
1752184649.781424,55
1752184649.917180,54
1752184650.048781,54
1752184650.181108,54
1752184650.307751,59
1752184650.440403,60
1752184650.572376,61
1752184650.710027,61
1752184650.843933,61
1752184651.009875,60
1752184651.139513,62
1752184651.279797,62
1752184651.419686,61
1752184651.565528,62
1752184651.716891,62
1752184651.850273,62
1752184651.986139,62
1752184652.137275,63
1752184652.269504,62
1752184652.410610,64
1752184652.557412,63
1752184652.696325,63
1752184652.837475,64
1752184652.961425,64
1752184653.088699,64
1752184653.220492,64
1752184653.347513,66
1752184653.490031,64
1752184653.629469,65
1752184653.757281,64
1752184653.886830,64
1752184654.018481,66
1752184654.153456,65
1752184654.294742,64
1752184654.435625,66
1752184654.567154,67
1752184654.690252,67
1752184654.837495,66
1752184654.976249,68
1752184655.136721,66
1752184655.290119,67
1752184655.432408,67
1752184655.572831,67
1752184655.741692,66
1752184655.878107,68
1752184656.032118,68
1752184656.176602,67
1752184656.336645,68
1752184656.474703,67
1752184656.617166,67
1752184656.758573,68
1752184656.887629,68
1752184657.048135,69
1752184657.174144,68
1752184657.298471,67
1752184657.434475,67
1752184657.566036,68
1752184657.724535,68
1752184657.887568,68
1752184658.052767,65
1752184658.243194,61
1752184658.368396,61
1752184658.530178,63
1752184658.667722,62
1752184658.800880,63
1752184658.947340,63
1752184659.088687,60
1752184659.226429,66
1752184659.358233,67
1752184659.495645,67
1752184659.624621,67
1752184659.748403,67
1752184659.877840,66
1752184660.028623,65
1752184660.180368,67
1752184660.309787,69
1752184660.439707,66
1752184660.570620,67
1752184660.709107,69
1752184660.865434,66
1752184660.994970,67
1752184661.126131,69
1752184661.268257,68
1752184661.421158,69
1752184661.558342,69
1752184661.754240,69
1752184661.888422,69
1752184662.018177,71
1752184662.155214,69
1752184662.292586,71
1752184662.432707,70
1752184662.569668,70
1752184662.708533,71
1752184662.844245,72
1752184662.981103,70
1752184663.104412,70
1752184663.253916,72
1752184663.398918,71
1752184663.529459,71
1752184663.674009,72
1752184663.802078,72
1752184663.934659,72
1752184664.078576,74
1752184664.227649,72
1752184664.370490,74
1752184664.522733,72
1752184664.665117,72
1752184664.805369,74
1752184664.975539,72
1752184665.114457,73
1752184665.272585,74
1752184665.410201,74
1752184665.585653,73
1752184665.751041,72
1752184665.888089,74
1752184666.018869,74
1752184666.172137,75
1752184666.317246,74
1752184666.457293,75
1752184666.625993,73
1752184666.772642,74
1752184666.916574,76
1752184667.064888,75
1752184667.228914,74
1752184667.368252,76
1752184667.516558,76
1752184667.641289,76
1752184667.803014,70
1752184667.955674,67
1752184668.101717,68
1752184668.249222,69
1752184668.392738,67
1752184668.532531,69
1752184668.686055,67
1752184668.822305,66
1752184668.949828,67
1752184669.086054,73
1752184669.217916,73
1752184669.355937,72
1752184669.497040,73
1752184669.634018,73
1752184669.792527,73
1752184669.924411,72
1752184670.065711,75
1752184670.217982,72
1752184670.358972,74
1752184670.508550,75
1752184670.637196,73
1752184670.783647,75
1752184670.920920,74
1752184671.071462,75
1752184671.222654,75
1752184671.364059,74
1752184671.497354,74
1752184671.637711,75
1752184671.773927,75
1752184671.906650,75
1752184672.062562,76
1752184672.220624,76
1752184672.368465,77
1752184672.507424,78
1752184672.648950,76
1752184672.789455,77
1752184672.920367,78
1752184673.073826,77
1752184673.224101,78
1752184673.356098,77
1752184673.478647,77
1752184673.603995,77
1752184673.744976,77
1752184673.878337,77
1752184674.011998,77
1752184674.157601,79
1752184674.288223,78
1752184674.434199,78
1752184674.566027,79
1752184674.717729,78
1752184674.855597,78
1752184674.997521,79
1752184675.130328,79
1752184675.264101,80
1752184675.385586,80
1752184675.516392,80
1752184675.661209,79
1752184675.799955,80
1752184675.929281,80
1752184676.061103,79
1752184676.203910,79
1752184676.330803,80
1752184676.461100,80
1752184676.592726,80
1752184676.732646,79
1752184676.890296,80
1752184677.025660,80
1752184677.177325,79
1752184677.330163,80
1752184677.469185,80
1752184677.598088,80
1752184677.735085,80
1752184677.869687,80
1752184677.998891,80
1752184678.131769,80
1752184678.266110,77
1752184678.398316,72
1752184678.531668,73
1752184678.665095,74
1752184678.798262,73
1752184678.928469,72
1752184679.061659,74
1752184679.200332,73
1752184679.330614,73
1752184679.464153,71
1752184679.592547,72
1752184679.742710,72
1752184679.896227,72
1752184680.023304,72
1752184680.172189,70
1752184680.374847,71
1752184680.508543,72
1752184680.641588,71
1752184680.789334,71
1752184680.940025,72
1752184681.076797,72
1752184681.216655,71
1752184681.356764,71
1752184681.493911,73
1752184681.632693,73
1752184681.779202,72
1752184681.908698,73
1752184682.036352,73
1752184682.201377,73
1752184682.323267,73
1752184682.474052,73
1752184682.616214,74
1752184682.756944,74
1752184682.888658,73
1752184683.015763,73
1752184683.173275,73
1752184683.301953,74
1752184683.480836,74
1752184683.608867,74
1752184683.744894,74
1752184683.882042,75
1752184684.014348,75
1752184684.152683,74
1752184684.340381,75
1752184684.464478,75
1752184684.606597,83
1752184684.746957,83
1752184684.885065,83
1752184685.014852,82
1752184685.161252,83
1752184685.296784,82
1752184685.429822,83
1752184685.569595,82
1752184685.701414,82
1752184685.829987,83
1752184685.959942,83
1752184686.085770,82
1752184686.225238,82
1752184686.363771,83
1752184686.498141,82
1752184686.648563,84
1752184686.786072,83
1752184686.915418,84
1752184687.050486,84
1752184687.194265,84
1752184687.333112,84
1752184687.464196,84
1752184687.592688,84
1752184687.723811,82
1752184687.848789,83
1752184687.975316,85
1752184688.109904,85
1752184688.257254,84
1752184688.380795,84
1752184688.507858,84
1752184688.654668,84
1752184688.784779,85
1752184688.923969,84
1752184689.052054,86
1752184689.191244,86
1752184689.350575,86
1752184689.477840,86
1752184689.603698,86
1752184689.735860,86
1752184689.866271,87
1752184689.988702,87
1752184690.114715,86
1752184690.264648,87
1752184690.392730,88
1752184690.520454,87
1752184690.666771,87
1752184690.806710,88
1752184690.931193,88
1752184691.069594,87
1752184691.204373,87
1752184691.336732,88
1752184691.474506,88
1752184691.610562,88
1752184691.763840,89
1752184691.896686,89
1752184692.022079,88
1752184692.166757,88
1752184692.293949,88
1752184692.430404,89
1752184692.566911,89
1752184692.707175,87
1752184692.838385,89
1752184692.957320,89
1752184693.079964,89
1752184693.226269,90
1752184693.354824,90
1752184693.503520,89
1752184693.629597,89
1752184693.767178,90
1752184693.889950,88
1752184694.015358,89
1752184694.143794,88
1752184694.286919,88
1752184694.435405,88
1752184694.578579,88
1752184694.712988,89
1752184694.848239,89
1752184694.978222,88
1752184695.116606,84
1752184695.256678,82
1752184695.388637,83
1752184695.515927,83
1752184695.665359,83
1752184695.803058,82
1752184695.929314,82
1752184696.054532,83
1752184696.189049,83
1752184696.319343,83
1752184696.456950,89
1752184696.587099,89
1752184696.724955,89
1752184696.849398,89
1752184696.971670,87
1752184697.093943,89
1752184697.234135,87
1752184697.370962,89
1752184697.500970,88
1752184697.632860,88
1752184697.772025,89
1752184697.900057,89
1752184698.029514,88
1752184698.169399,89
1752184698.302911,88
1752184698.436236,87
1752184698.561628,89
1752184698.704375,90
1752184698.835725,90
1752184698.968498,90
1752184699.094143,90
1752184699.227757,90
1752184699.369022,89
1752184699.499757,90
1752184699.630643,90
1752184699.773161,90
1752184699.910055,90
1752184700.041221,90
1752184700.171566,91
1752184700.307181,91
1752184700.437970,91
1752184700.572688,91
1752184700.725054,91
1752184700.852721,92
1752184700.988367,92
1752184701.117833,92
1752184701.283005,92
1752184701.410968,92
1752184701.539997,92
1752184701.666993,92
1752184701.809496,92
1752184701.930084,92
1752184702.051840,92
1752184702.184833,91
1752184702.314076,92
1752184702.444345,92
1752184702.584923,92
1752184702.715806,93
1752184702.848598,93
1752184702.972319,93
1752184703.101568,94
1752184703.232282,95
1752184703.369975,93
1752184703.496670,94
1752184703.626623,95
1752184703.760800,94
1752184703.904700,94
1752184704.032847,95
1752184704.180370,95
1752184704.310001,93
1752184704.442904,95
1752184704.602242,94
1752184704.748563,95
1752184704.885417,94
1752184705.017729,93
1752184705.142858,95
1752184705.303611,95
1752184705.437154,95
1752184705.576672,96
1752184705.725326,95
1752184705.856204,95
1752184705.981832,96
1752184706.107413,96
1752184706.239126,95
1752184706.372447,94
1752184706.503400,95
1752184706.630093,95
1752184706.775444,93
1752184706.905264,95
1752184707.039693,95
1752184707.195014,94
1752184707.336786,95
1752184707.467099,94
1752184707.594761,94
1752184707.746528,88
1752184707.894502,88
1752184708.040815,89
1752184708.183679,89
1752184708.343959,89
1752184708.474506,89
1752184708.607670,88
1752184708.738674,90
1752184708.866742,90
1752184708.997555,88
1752184709.121159,93
1752184709.276428,95
1752184709.409007,94
1752184709.544179,95
1752184709.690297,95
1752184709.820672,94
1752184709.969879,96
1752184710.096265,94
1752184710.233114,94
1752184710.374255,96
1752184710.528522,94
1752184710.656667,94
1752184710.798643,96
1752184710.928471,93
1752184711.059239,94
1752184711.204418,96
1752184711.336053,95
1752184711.466977,95
1752184711.600392,95
1752184711.737458,96
1752184711.874435,95
1752184712.007230,95
1752184712.133916,96
1752184712.277164,96
1752184712.408859,96
1752184712.549710,96
1752184712.704789,96
1752184712.854789,96
1752184712.993054,97
1752184713.127884,98
1752184713.269128,97
1752184713.412309,97
1752184713.540529,97
1752184713.664069,96
1752184713.800794,97
1752184713.925112,98
1752184714.054028,98
1752184714.202456,98
1752184714.339904,98
1752184714.470553,98
1752184714.598702,98
1752184714.740084,98
1752184714.876429,98
1752184715.009982,97
1752184715.143433,99
1752184715.289519,98
1752184715.417808,98
1752184715.545103,99
1752184715.696536,99
1752184715.826410,99
1752184715.961342,99
1752184716.092252,98
1752184716.225474,98
1752184716.360675,100
1752184716.492317,99
1752184716.617383,99
1752184716.748037,98
1752184716.892591,98
1752184717.021713,97
1752184717.161054,98
1752184717.292209,98
1752184717.420639,97
1752184717.551692,98
1752184717.701370,97
1752184717.840181,98
1752184717.963463,97
1752184718.093471,98
1752184718.231191,96
1752184718.369755,97
1752184718.500810,99
1752184718.625356,98
1752184718.777401,94
1752184718.913162,86
1752184719.039634,77
1752184719.172143,71
1752184719.304152,66
1752184719.434250,59
1752184719.561437,55
1752184719.703141,54
1752184719.827890,54
1752184719.954206,50
1752184720.088229,47
1752184720.220585,47
1752184720.362139,49
1752184720.485503,49
1752184720.620893,48
1752184720.758839,46
1752184720.888574,47
1752184721.021295,45
1752184721.165091,46
1752184721.304344,46
1752184721.430353,46
1752184721.556089,47
1752184721.691718,48
1752184721.823669,47
1752184721.948323,47
1752184722.083433,46
1752184722.232082,46
1752184722.414576,48
1752184722.549919,47
1752184722.695883,47
1752184722.824207,48
1752184722.956332,48
1752184723.092764,47
1752184723.234304,49
1752184723.373415,48
1752184723.505637,47
1752184723.636603,49
1752184723.774961,48
1752184723.901473,48
1752184724.028261,49
1752184724.166941,50
1752184724.295678,49
1752184724.421916,49
1752184724.557705,50
1752184724.708275,49
1752184724.839968,49
1752184724.969518,50
1752184725.110874,49
1752184725.260026,51
1752184725.397069,51
1752184725.536921,52
1752184725.669815,52
1752184725.813346,51
1752184725.945912,57
1752184726.080735,57
1752184726.226895,58
1752184726.356381,58
1752184726.488554,58
1752184726.618656,57
1752184726.752498,57
1752184726.889991,59
1752184727.017093,60
1752184727.140905,60
1752184727.282143,59
1752184727.420741,60
1752184727.551936,60
1752184727.697400,59
1752184727.832754,60
1752184727.965997,60
1752184728.098312,60
1752184728.258945,59
1752184728.389337,61
1752184728.520066,61
1752184728.667818,61
1752184728.795386,62
1752184728.929625,62
1752184729.058080,62
1752184729.194238,62
1752184729.340549,62
1752184729.473114,63
1752184729.603488,62
1752184729.746624,62
1752184729.879689,63
1752184730.008552,64
1752184730.145117,63
1752184730.296097,65
1752184730.435870,64
1752184730.575105,63
1752184730.710524,64
1752184730.845056,64
1752184730.969614,65
1752184731.098741,64
1752184731.230875,65
1752184731.358681,65
1752184731.486077,65
1752184731.628443,64
1752184731.767150,65
1752184731.901142,64
1752184732.030841,64
1752184732.182297,65
1752184732.312419,65
1752184732.452554,66
1752184732.588946,66
1752184732.737039,65
1752184732.862491,66
1752184732.997277,66
1752184733.129181,66
1752184733.273685,66
1752184733.409453,61
1752184733.549891,57
1752184733.673497,60
1752184733.819961,59
1752184733.957298,59
1752184734.099989,59
1752184734.238513,60
1752184734.368577,57
1752184734.505626,64
1752184734.635781,64
1752184734.773195,65
1752184734.909755,63
1752184735.040270,64
1752184735.205665,62
1752184735.344683,65
1752184735.472708,64
1752184735.605123,65
1752184735.761147,66
1752184735.902518,65
1752184736.038581,64
1752184736.204740,66
1752184736.384626,66
1752184736.524729,65
1752184736.663804,66
1752184736.809645,66
1752184736.970814,66
1752184737.108508,67
1752184737.272745,66
1752184737.408572,68
1752184737.546966,67
1752184737.694755,68
1752184737.847896,68
1752184737.980302,66
1752184738.114660,68
1752184738.263135,67
1752184738.411760,69
1752184738.544735,69
1752184738.708697,68
1752184738.845633,69
1752184738.984114,69
1752184739.113559,69
1752184739.269958,70
1752184739.412959,69
1752184739.552095,69
1752184739.698312,70
1752184739.828974,69
1752184739.961723,70
1752184740.106310,70
1752184740.246641,70
1752184740.386348,71
1752184740.520032,71
1752184740.653640,70
1752184740.804289,70
1752184740.936821,71
1752184741.072845,70
1752184741.210066,72
1752184741.346177,71
1752184741.479107,71
1752184741.639044,72
1752184741.782534,70
1752184741.916560,71
1752184742.044787,71
1752184742.182375,72
1752184742.336011,70
1752184742.484636,71
1752184742.628056,70
1752184742.775234,65
1752184742.929018,64
1752184743.065926,66
1752184743.216553,65
1752184743.349159,66
1752184743.481434,66
1752184743.623867,61
1752184743.765760,64
1752184743.899600,69
1752184744.032757,69
1752184744.171548,71
1752184744.305894,69
1752184744.441611,68
1752184744.569875,71
1752184744.713887,70
1752184744.849309,71
1752184744.978002,70
1752184745.108337,71
1752184745.245762,71
1752184745.375651,72
1752184745.505795,71
1752184745.636078,70
1752184745.781371,72
1752184745.912704,72
1752184746.048810,70
1752184746.184944,73
1752184746.325576,72
1752184746.455845,72
1752184746.586753,72
1752184746.729477,73
1752184746.859145,74
1752184746.983657,73
1752184747.109457,73
1752184747.240557,74
1752184747.377892,73
1752184747.513484,74
1752184747.644414,74
1752184747.786823,74
1752184747.915788,73
1752184748.036534,74
1752184748.178377,75
1752184748.316226,72
1752184748.448543,75
1752184748.581542,75
1752184748.725749,74
1752184749.304401,77
1752184749.433212,77
1752184749.562256,77
1752184749.708344,77
1752184749.835888,77
1752184749.967484,75
1752184750.096686,77
1752184750.221882,76
1752184750.345468,77
1752184750.471626,76
1752184750.604414,77
1752184750.731966,76
1752184750.854636,76
1752184750.981571,76
1752184751.108229,78
1752184751.236802,77
1752184751.375762,77
1752184751.509679,78
1752184751.634124,78
1752184751.772800,77
1752184751.904308,76
1752184752.030742,77
1752184752.159838,79
1752184752.297264,78
1752184752.424186,79
1752184752.554377,78
1752184752.694806,77
1752184752.827689,79
1752184752.955618,73
1752184753.082546,69
1752184753.221880,69
1752184753.351737,71
1752184753.485569,71
1752184753.615914,70
1752184753.760128,71
1752184753.896202,70
1752184754.043758,68
1752184754.204733,68
1752184754.340847,69
1752184754.480754,69
1752184754.616317,68
1752184754.753035,69
1752184754.877884,69
1752184754.999928,68
1752184755.123115,70
1752184755.255023,69
1752184755.388779,69
1752184755.576447,69
1752184755.721299,69
1752184755.854183,68
1752184755.983794,68
1752184756.109213,70
1752184756.251122,70
1752184756.400198,69
1752184756.531908,70
1752184756.660329,70
1752184756.801496,69
1752184756.937536,69
1752184757.064090,70
1752184757.192082,70
1752184757.328431,71
1752184757.483367,71
1752184757.612911,70
1752184757.750833,70
1752184757.876149,71
1752184758.006361,71
